813621
813621
873590
977282
305478
659228
305478
943574
659228
390362
404633
140037
977282
404633
140037
260529
849591
659228
877957
404633
709314
877957
893296
943574
413743
390362
893296
568550
390362
659228
893296
943574
813621
877957
813621
873590
893296
140037
390362
404633
893296
260529
813621
197842
709314
390362
709314
197842
659228
197842
893296
849591
659228
260529
260529
943574
742190
390362
140037
742190
659228
709314
742190
390362
813621
873590
197842
342704
877957
404633
140037
568550
659228
305478
977282
943574
977282
709314
873590
260529
849591
709314
943574
390362
877957
404633
413743
659228
813621
873590
659228
197842
260529
342704
413743
943574
404633
742190
893296
977282
977282
568550
404633
342704
140037
873590
659228
709314
742190
404633
709314
305478
709314
742190
659228
140037
413743
742190
260529
342704
448111
977282
742190
977282
659228
260529
873590
849591
413743
140037
742190
742190
813621
342704
568550
893296
742190
342704
873590
448111
742190
197842
849591
342704
260529
849591
893296
197842
568550
197842
197842
709314
140037
305478
659228
813621
390362
413743
140037
448111
197842
813621
197842
849591
413743
659228
849591
448111
260529
659228
448111
197842
197842
893296
877957
849591
448111
709314
873590
342704
342704
390362
197842
849591
893296
197842
413743
813621
404633
197842
404633
943574
813621
893296
568550
448111
709314
893296
342704
873590
849591
413743
659228
943574
943574
742190
849591
943574
709314
140037
342704
742190
877957
742190
342704
893296
873590
413743
404633
568550
448111
849591
197842
873590
877957
943574
197842
342704
813621
873590
404633
977282
448111
197842
413743
873590
813621
448111
709314
197842
893296
342704
943574
813621
448111
568550
659228
404633
413743
305478
813621
893296
877957
873590
742190
977282
413743
849591
943574
943574
893296
709314
873590
140037
413743
943574
260529
742190
893296
404633
404633
873590
140037
305478
893296
140037
140037
742190
813621
709314
342704
568550
709314
342704
849591
413743
305478
659228
849591
197842
813621
197842
305478
140037
260529
260529
709314
709314
404633
813621
742190
849591
140037
977282
197842
943574
390362
342704
197842
873590
893296
568550
742190
305478
197842
709314
140037
709314
943574
709314
140037
342704
305478
448111
709314
197842
260529
659228
873590
873590
877957
305478
977282
709314
813621
568550
305478
390362
877957
197842
943574
404633
305478
342704
977282
197842
977282
813621
977282
877957
877957
849591
893296
260529
709314
659228
893296
197842
140037
742190
404633
413743
413743
305478
742190
873590
140037
813621
742190
140037
568550
709314
659228
413743
709314
260529
390362
893296
413743
305478
893296
140037
342704
342704
813621
197842
197842
568550
413743
849591
849591
197842
140037
404633
390362
849591
977282
390362
390362
877957
197842
873590
390362
413743
659228
140037
813621
873590
813621
568550
813621
140037
260529
140037
448111
140037
260529
197842
140037
260529
413743
742190
404633
260529
977282
413743
659228
893296
197842
893296
197842
659228
659228
568550
448111
659228
305478
709314
197842
813621
140037
742190
305478
568550
977282
742190
943574
977282
709314
260529
943574
342704
342704
390362
849591
893296
977282
659228
404633
342704
943574
305478
140037
849591
568550
893296
849591
140037
404633
709314
448111
943574
813621
342704
568550
260529
404633
140037
943574
873590
742190
140037
260529
260529
893296
977282
342704
659228
197842
413743
140037
305478
709314
813621
709314
943574
390362
260529
873590
742190
